4.50234811684324132130541329388507 -5.03014944185168122459117512335069
-4.50234811684324132130541329388507 -5.03014944185168122459117512335069
-0.63230731177100207851538016257109 -6.94057574027823953599636297440156
0.63230731177100207851538016257109 -6.94057574027823953599636297440156
6.50176094729923725878961704438552 2.98318080214316072584779249154963
-6.50176094729923725878961704438552 2.98318080214316072584779249154963
-1.89937931201927479030189260811312 -6.96189715967432309895457365200855
1.89937931201927479030189260811312 -6.96189715967432309895457365200855
-0.61297812187268829742237130631111 7.28052749043647295934533758554608
0.61297812187268829742237130631111 7.28052749043647295934533758554608
5.42020848354984607908590987790376 5.09593317093343678436667687492445
-5.42020848354984607908590987790376 5.09593317093343678436667687492445
7.36376106945645148016410530544817 -1.12912776877582698986657305795234
-7.36376106945645148016410530544817 -1.12912776877582698986657305795234
-1.83686512587695349729699501040159 7.26256090963798506265902688028291
1.83686512587695349729699501040159 7.26256090963798506265902688028291
7.54766126087241673303651623427868 0.89836808549622648722987605651724
-7.54766126087241673303651623427868 0.89836808549622648722987605651724
-3.17191720082427641713707089365926 -6.99777253309049740437330910935998
3.17191720082427641713707089365926 -6.99777253309049740437330910935998
5.79517238450442473407520083128475 -5.07924951207830588373326463624835
-5.79517238450442473407520083128475 -5.07924951207830588373326463624835
7.19977883130008500245367031311616 -3.12812861047709578343756220419891
-7.19977883130008500245367031311616 -3.12812861047709578343756220419891
-3.05580964564108858994018191879150 7.23121635685086427969281430705450
3.05580964564108858994018191879150 7.23121635685086427969281430705450
7.70798078187216795242875377880409 2.95440668858508725946876438683830
-7.70798078187216795242875377880409 2.95440668858508725946876438683830
4.44942133473712608804362389491871 -7.03957998402930940073929377831519
-4.44942133473712608804362389491871 -7.03957998402930940073929377831519
6.61935403595236593332629126962274 5.05466835822113580434233881533146
-6.61935403595236593332629126962274 5.05466835822113580434233881533146
4.26957128806602526083224802277982 7.19300102487435566445128642953932
-4.26957128806602526083224802277982 7.19300102487435566445128642953932
8.62158281591651665110020985594019 -1.14761725974688433282722144213039
-8.62158281591651665110020985594019 -1.14761725974688433282722144213039
7.08285326102597778685776575002819 -5.11918609147869219100357440765947
-7.08285326102597778685776575002819 -5.11918609147869219100357440765947
8.77968260927708143981362809427083 0.88094735146042046913805734220659
-8.77968260927708143981362809427083 0.88094735146042046913805734220659
5.47991212144493022861979625304230 7.15351261318127296107149959425442
-5.47991212144493022861979625304230 7.15351261318127296107149959425442
-0.62994167805833423123829106771154 -9.00004473766758295028012071270496
0.62994167805833423123829106771154 -9.00004473766758295028012071270496
8.47661681362859198429759999271482 -3.15424582276068576902616769075394
-8.47661681362859198429759999271482 -3.15424582276068576902616769075394
5.72940454383578323671599719091319 -7.08098912929792057013855810509995
-5.72940454383578323671599719091319 -7.08098912929792057013855810509995
-1.89099903940334845842130562232342 -9.01298790485154910356868640519679
1.89099903940334845842130562232342 -9.01298790485154910356868640519679
7.82354788588449245878564397571608 5.02068322810615264017997105838731
-7.82354788588449245878564397571608 5.02068322810615264017997105838731
-0.61498589003465586877439363888698 9.28716076690986547248485294403508
0.61498589003465586877439363888698 9.28716076690986547248485294403508
8.92243587587438469199696555733681 2.93152823561305719834990668459795
-8.92243587587438469199696555733681 2.93152823561305719834990668459795
-1.84392157932492528615853188966867 9.27576004252182428899686783552170
1.84392157932492528615853188966867 9.27576004252182428899686783552170
-3.15500387681222083102738906745799 -9.03628116518217794350675831083208
3.15500387681222083102738906745799 -9.03628116518217794350675831083208
-3.07016816112572943353598020621575 9.25487923349468744049772794824094
3.07016816112572943353598020621575 9.25487923349468744049772794824094
6.68917292347326952750563577865250 7.11623265598833487644014894613065
-6.68917292347326952750563577865250 7.11623265598833487644014894613065
8.36471768827974315740902966354042 -5.15150899555416774688865189091302
-8.36471768827974315740902966354042 -5.15150899555416774688865189091302
9.87626508111874201745195023249835 -1.16330627187896595842175884172320
-9.87626508111874201745195023249835 -1.16330627187896595842175884172320
7.00934231711877941961574833840132 -7.11879901648677915204643795732409
-7.00934231711877941961574833840132 -7.11879901648677915204643795732409
10.01486701081117658418406790588051 0.86600285299968937646752920045401
-10.01486701081117658418406790588051 0.86600285299968937646752920045401
-4.42245097922855556760168838081881 -9.06599369158942636204301379621029
4.42245097922855556760168838081881 -9.06599369158942636204301379621029
-4.29306390644206103957003506366163 9.22758950193821370078239851864055
4.29306390644206103957003506366163 9.22758950193821370078239851864055