-0.79116694604680171121202647555037 -0.78596742741990122116391148665571
0.79116694604680171121202647555037 -0.78596742741990122116391148665571
-0.56575848962757468996187526499853 1.31867940147800077888007308501983
0.56575848962757468996187526499853 1.31867940147800077888007308501983
-1.62140901215848831640187199809588 1.13560934531417112580697903467808
1.62140901215848831640187199809588 1.13560934531417112580697903467808
-2.22120229210943964659463745192625 -0.96741344539892493159527475654613
2.22120229210943964659463745192625 -0.96741344539892493159527475654613
-0.64945015151640184125625410160865 -2.79147631876387425364782757242210
0.64945015151640184125625410160865 -2.79147631876387425364782757242210
2.72787192145874790583093272289261 1.03491856101327983630255857860902
-2.72787192145874790583093272289261 1.03491856101327983630255857860902
0.60143352451334952668560163147049 3.29385533407043240572420472744852
-0.60143352451334952668560163147049 3.29385533407043240572420472744852
1.97021587982276868977749018085888 -2.88955449138518138951781111245509
-1.97021587982276868977749018085888 -2.88955449138518138951781111245509
-1.78796117101480156463821913348511 3.22510403967314029927138108178042
1.78796117101480156463821913348511 3.22510403967314029927138108178042
3.54339277589102685794841818278655 -1.03650299154716796223851815739181
-3.54339277589102685794841818278655 -1.03650299154716796223851815739181
3.89905102935205505332305619958788 0.98089965630693431997144671186106
-3.89905102935205505332305619958788 0.98089965630693431997144671186106
2.95540735879228844140698129194789 3.14067530501506375628650857834145
-2.95540735879228844140698129194789 3.14067530501506375628650857834145
3.29953624596403205515571244177409 -2.98263726521925232049170517711900
-3.29953624596403205515571244177409 -2.98263726521925232049170517711900
-0.63684785590409331845762608281802 -4.87264851982227220617005514213815
0.63684785590409331845762608281802 -4.87264851982227220617005514213815
4.83006020660445667402882463647984 -1.07749034156603840095556279266020
-4.83006020660445667402882463647984 -1.07749034156603840095556279266020
4.12458308134196904859436472179368 3.07164119558082537864152072870638
-4.12458308134196904859436472179368 3.07164119558082537864152072870638
5.10204054605637935537743032909930 0.94552714946104399196258327719988
-5.10204054605637935537743032909930 0.94552714946104399196258327719988
-1.91691651885744662742183663795004 -4.91346522445311784110799635527655
1.91691651885744662742183663795004 -4.91346522445311784110799635527655
-0.60943166048081853780615801952081 5.28118639142169499223200546111912
0.60943166048081853780615801952081 5.28118639142169499223200546111912
4.61474934195157260319319902919233 -3.04829140934981701605011039646342
-4.61474934195157260319319902919233 -3.04829140934981701605011039646342
-1.82330207754805240227824469911866 5.24923297358985774252460032585077
1.82330207754805240227824469911866 5.24923297358985774252460032585077
3.20744798615230886085214478953276 -4.97243246191598586847248952835798
-3.20744798615230886085214478953276 -4.97243246191598586847248952835798
3.02720858798592651339731673942879 5.19878735759421672923963342327625
-3.02720858798592651339731673942879 5.19878735759421672923963342327625
5.30647376617701205248067708453164 3.02078806270550348500592008349486
-5.30647376617701205248067708453164 3.02078806270550348500592008349486
6.10104441198103053523027483606711 -1.10655696140385084724755415663822
-6.10104441198103053523027483606711 -1.10655696140385084724755415663822
6.32062973017336382497433078242466 0.91928211474614274223426946264226
-6.32062973017336382497433078242466 0.91928211474614274223426946264226
4.22423797709314552406567599973641 5.14483635601286604099868782213889
-4.22423797709314552406567599973641 5.14483635601286604099868782213889
5.91367479340941937238085301942192 -3.09431800304739823559430078603327
-5.91367479340941937238085301942192 -3.09431800304739823559430078603327